#sample	lat	lon	miosture	EC	salt	pH	TC	TN	TC/TN	NH4_N	NO3_N	TP	AP	TK	AK
"C10_1"	48.0097222222222	126.975277777778	0.283213182	80.7	0.6	4.87	55.44498	5.01824	11.04869038	39.76077586	12.83505747	1.267868241	18.935	17.2350839	112.65
"C10_2"	48.0097222222222	126.975277777778	0.313328137	78.1	0.6	4.87	53.34556	4.8885	10.91245985	41.79580023	13.83484677	1.327446533	19.33	17.05281918	110.85
"C10_3"	48.0097222222222	126.975277777778	0.320197044	79.8	0.8	4.9	52.20346	4.73759	11.01899067	40.74710145	15.15144928	1.308724832	18.605	15.8518914	116.05
"C11_1"	47.5411111111111	127.0975	0.218390805	72.4	0.6	5.12	25.41776	2.37178	10.71674439	36.84705882	17.65588235	0.855466238	23.88	19.05144695	100.2
"C11_2"	47.5411111111111	127.0975	0.213178295	80.4	0.8	5.18	24.08605	2.34318	10.27921457	34.56945813	14.10738916	0.951651572	25.825	19.43260522	112.8
"C11_3"	47.5411111111111	127.0975	0.22254902	80.6	0.8	5.29	23.34202	2.21479	10.53915721	36.14375788	12.3480454	0.866556628	24.84	19.48324022	105.5
"C12_1"	47.5488888888889	127.473055555556	0.237218814	88.2	0.8	5.24	35.69367	3.212	11.11259963	36.5766756	13.37211796	1.119593286	30.565	17.96723693	156.25
"C12_2"	47.5488888888889	127.473055555556	0.264859228	82.3	0.8	5.34	36.64486	3.361725413	10.9006107	37.81588652	16.32340426	1.120708749	28.935	15.96414729	156.65
"C12_3"	47.5488888888889	127.473055555556	0.295454545	85.2	1	5.36	39.28795282	3.270178848	12.01400738	39.6	22.12	1.169170984	30.34	17.68134715	179.7
"C13_1"	47.5861111111111	126.099166666667	0.260154739	126.8	1.4	7.29	26.87321	2.78939	9.634081287	37.84575163	13.24601307	0.842360021	24.55	18.19073783	172.2
"C13_2"	47.5861111111111	126.099166666667	0.249826509	148.3	1.4	6.74	25.09327	2.56272	9.79165496	37.59130435	10.13098982	0.834474261	26.785	18.41114458	161.6
"C13_3"	47.5861111111111	126.099166666667	0.262962963	145.5	1.4	7.1	26.62765	2.81151	9.470942661	38.26130653	10.04020101	0.796236559	25.21	17.91330645	162.6
"C14_1"	47.3236111111111	125.945833333333	0.223801066	75.2	0.8	6.81	27.24964	2.503986627	10.88250221	36.07322654	7.085812357	0.741865195	12.05	17.27919814	156.85
"C14_2"	47.3236111111111	125.945833333333	0.206426485	77.5	0.8	6.82	23.85244	2.70261	8.825705522	34.90539877	6.552638037	0.79134095	12.09	17.07005412	156.3
"C14_3"	47.3236111111111	125.945833333333	0.210989011	76.3	0.9	6.92	25.80935373	2.465014874	10.47026288	35.86768802	8.491643454	0.929006085	16.145	16.91493408	164.65
"C15_1"	46.8502777777778	126.472777777778	0.198218263	192.2	1.8	7.1	26.56478	2.84958	9.322349258	34.29861111	22.57472222	1.154709141	43.12	18.1267313	250.9
"C15_2"	46.8502777777778	126.472777777778	0.221761658	172.9	1.7	7.11	29.88454	3.23297	9.24367996	33.7942743	19.40279627	1.154665314	43.83	17.12728195	220.25
"C15_3"	46.8502777777778	126.472777777778	0.230243902	183.3	1.8	6.97	32.54669	3.42751	9.495724301	34.81622307	25.46	1.290144928	59.89	17.49275362	244.85
"C16_1"	46.6130555555556	127.005277777778	0.167567568	68.2	0.6	4.71	24.29062	2.54972	9.526779411	33.99675325	10.81168831	1.082539238	57.935	18.58183857	154.3
"C16_2"	46.6130555555556	127.005277777778	0.179808401	64	0.6	4.88	24.2018	2.58512	9.361963855	34.26028751	11.58265948	1.069760978	54.005	18.63882713	165.75
"C16_3"	46.6130555555556	127.005277777778	0.177238806	66.2	0.6	4.87	25.36281	2.63283	9.633288135	33.05941043	11.18185941	1.052812859	55.26	18.00731917	164.6
"C17_1"	46.4269444444444	127.118611111111	0.24291939	117	1	6.81	30.50203	2.366864486	12.88710451	35.66330935	4.490935252	0.907380397	19.39	16.82103267	105.3
"C17_2"	46.4269444444444	127.118611111111	0.257763975	133	1.2	6.94	30.75904	2.460745023	12.49988915	36.10711297	3.368200837	0.984433962	17.645	15.96698113	150.95
"C17_3"	46.4269444444444	127.118611111111	0.256812552	127.2	1.2	6.97	30.19553	2.456259807	12.29329647	35.38811111	3.094777778	0.84491733	15.95	17.93478261	121.5
"C18_1"	42.9327777777778	124.205833333333	0.151908397	68.7	0.6	5.44	10.71581	1.86019	5.760599724	31.01080108	8.371737174	0.495	24.295	17.9775641	65.4
"C18_2"	42.9327777777778	124.205833333333	0.150749064	60.2	0.6	5.11	9.25021	1.68042	5.504701206	31.67497244	8.595810364	0.525671406	23.695	17.20971564	61.45
"C18_3"	42.9327777777778	124.205833333333	0.162318841	58.6	0.6	5.21	9.63172	1.8045	5.337611527	31.15743945	7.878892734	0.607275624	25.295	18.97238449	78.45
"C2_1"	49.1461111111111	125.61	0.196721311	71.5	0.6	5.3	33.69865	3.10483	10.85362162	32.36734694	8.216326531	1.124789916	26.2	17.37745098	144.75
"C2_2"	49.1461111111111	125.61	0.208682407	69.9	0.6	5.35	37.13996	3.43215	10.82119371	32.60384986	5.813089509	1.477048228	28.43	17.77672865	162.55
"C2_3"	49.1461111111111	125.61	0.187192118	73	0.8	5.3	31.97595	2.99651	10.671064	32.3569697	7.381818182	1.289952532	19.865	18.33135549	161.8
"C20_1"	43.0419444444444	124.173055555556	0.152859961	73.9	0.8	4.29	9.86234	1.84397	5.348427577	32.81629802	14.75552969	0.736656596	52.245	17.06633938	149.55
"C20_2"	43.0419444444444	124.173055555556	0.147487844	66.8	0.6	4.25	9.87571	1.88317	5.244194629	32.37490494	19.58	0.868093174	51.65	17.42619177	114
"C20_3"	43.0419444444444	124.173055555556	0.157540826	78.6	0.8	4.26	9.63777	1.95032	4.941635219	32.1677309	16.26191562	0.764351615	51.955	17.59354177	127.75
"C21_1"	43.2905555555556	124.656944444444	0.166497462	74.5	0.6	6.3	13.93105	2.13027	6.539570101	38.51218027	10.31790499	0.578813559	17.465	18.21539548	117.05
"C21_2"	43.2905555555556	124.656944444444	0.183927092	77.1	0.8	6.39	13.8959	2.18401	6.362562442	31.49228426	13.9693401	0.556950935	16.565	18.28271028	119.8
"C21_3"	43.2905555555556	124.656944444444	0.168674699	70.3	0.6	6.37	12.42263	2.05922	6.032687134	30.7942029	11.66811594	0.547264355	13.7	18.52992958	121.35
"C22_1"	43.4233333333333	124.758888888889	0.161149826	71.1	0.6	4.7	12.43705	2.22524	5.589082526	31.11401869	15.7	0.697368421	37.6	18.29557786	139.9
"C22_2"	43.4233333333333	124.758888888889	0.141836735	74.8	0.6	4.68	10.92505	2.10492	5.19024476	32.27824019	18.1783591	0.70314238	38.225	19.53559511	126.7
"C22_3"	43.4233333333333	124.758888888889	0.140438247	90.2	0.8	4.32	11.3496	2.20974	5.136169866	31.06234067	19.77752028	0.746121718	46.735	17.8923031	116.35
"C23_1"	44.0180555555556	125.239166666667	0.195219124	71.6	0.6	5.43	18.75901	1.665372933	11.26414969	32.67970297	14.66237624	0.674703664	22.52	16.91136853	144.95
"C23_2"	44.0180555555556	125.239166666667	0.185112635	74.2	0.6	5.23	18.10757	1.746687374	10.36680649	46.75492788	12.88521635	0.644400227	23.615	16.43334281	145.95
"C23_3"	44.0180555555556	125.239166666667	0.190938511	78.5	0.6	5.45	20.09796	1.937575926	10.37273416	32.6304	8.2812	0.595438698	24.94	16.89424753	159.4
"C24_1"	44.3219444444444	126.026666666667	0.188128773	54.5	0.4	4.61	15.6727	2.40175	6.525533465	31.40892193	7.143990087	0.664944134	20.29	17.38128492	142.3
"C24_2"	44.3219444444444	126.026666666667	0.180755396	55.6	0.5	4.65	15.86172	2.51775	6.299958296	31.73655324	8.422392975	0.603499407	20.295	17.04107355	161.45
"C24_3"	44.3219444444444	126.026666666667	0.164579606	52	0.4	4.62	15.88544	2.3928	6.638849883	32.31905782	9.935117773	0.626863685	16.695	17.65841321	149.15
"C25_1"	44.4111111111111	125.818611111111	0.170850767	185.2	1.8	3.83	16.35731	2.76657	5.912487304	61.50883095	16.21	1.025080906	51.515	16.31607335	190.95
"C25_2"	44.4111111111111	125.818611111111	0.156441718	178.2	2.5	3.93	14.87001	2.65079	5.609652217	34.02254545	13.6	0.991398446	51.645	17.26206992	191.4
"C25_3"	44.4111111111111	125.818611111111	0.16262354	176.1	2.4	3.96	16.12952	2.76524	5.832954825	31.04935622	14.56	1.00682183	59.54	17.10139112	217.1
"C26_1"	44.6688888888889	125.920833333333	0.151646447	46.2	0.4	4.91	17.76992	2.50116	7.104671432	29.46884576	8.13340143	0.584994753	20.55	17.31374607	174.45
"C26_2"	44.6688888888889	125.920833333333	0.158279221	50	0.4	4.97	16.3735	2.46714	6.63663189	31.12671167	10.57357763	0.587540279	22.34	17.03477444	169.5
"C26_3"	44.6688888888889	125.920833333333	0.149918963	47.2	0.4	4.88	15.73405	2.32727	6.760732532	29.40896092	8.116873213	0.646610697	22.815	17.09810323	150.75
"C27_1"	45.1191666666667	126.191388888889	0.159924741	79.6	0.6	4.62	19.84344502	2.137575788	9.283153904	31.30671892	6.427995521	0.814336235	38.25	17.63465724	155.85
"C27_2"	45.1191666666667	126.191388888889	0.155358899	57.3	0.4	4.79	19.93103889	2.167711426	9.194507467	31.49266589	6.748428405	0.883928571	48.84	17.24094567	154.1
"C27_3"	45.1191666666667	126.191388888889	0.156462585	54.6	0.4	4.65	22.51369722	2.269146044	9.921660741	29.99274194	6.52016129	0.805336488	40.81	18.19794953	187.65
"C28_1"	45.9108333333333	126.475833333333	0.152647975	52.4	0.4	5.63	18.56	1.98155	9.366405087	30.91985294	8.025	1.146039604	57.605	17.40236524	141.25
"C28_2"	45.9108333333333	126.475833333333	0.169491525	50.6	0.6	5.64	18.39017	1.71557	10.71956842	30.70408163	7.585714286	0.942622951	50.575	17.37916902	163.1
"C28_3"	45.9108333333333	126.475833333333	0.1625857	48.8	0.4	5.85	17.37268427	1.773318049	9.796710908	30.80912281	4.418362573	0.792108051	45.02	17.39274364	133
"C29_1"	45.3233333333333	126.428888888889	0.262342691	201	1.8	7.32	39.50274418	2.917025593	13.5421315	35.24671916	3.931364829	1.238718663	10.305	14.71100279	166.45
"C29_2"	45.3233333333333	126.428888888889	0.269230769	182.1	1.6	7.3	37.18860905	2.825938606	13.15973708	37.35789474	3.694736842	1.090909091	14.425	14.83622995	177.5
"C29_3"	45.3233333333333	126.428888888889	0.256792287	188.6	1.6	7.24	36.96409687	2.673897174	13.82405323	34.84893868	6.054834906	1.126869806	11.835	15.36357341	182.55
"C3_1"	48.9925	126.02	0.22977023	72	0.6	5.38	40.66106	3.76057	10.81247258	33.62632944	5.842412451	1.329551522	26.545	16.25066738	190.95
"C3_2"	48.9925	126.02	0.214482126	70.3	0.6	5.28	38.21124	3.66619	10.42260221	32.71726954	5.601400233	1.388768898	24.44	16.91414687	161.7
"C3_3"	48.9925	126.02	0.219246032	81	0.8	5.22	36.13258	3.40545	10.61022185	33.04498094	3.586277001	1.254440258	22.985	16.63414962	155.6
"C4_1"	48.9622222222222	125.6775	0.260294118	68	0.6	5.12	41.67212	3.77385	11.04233608	36.77137177	7.029821074	1.12871696	12.185	17.31828194	108
"C4_2"	48.9622222222222	125.6775	0.24360033	63.2	0.6	5.13	42.65971	3.87025	11.02246883	34.10895197	8.196724891	1.188223938	14.915	18.57763376	97.5
"C4_3"	48.9622222222222	125.6775	0.25072324	70.5	0.6	5.18	43.98294	3.786165212	11.61675139	33.8993565	6.53963964	1.288346614	12.845	18.45534529	108.1
"C5_1"	48.7686111111111	125.531666666667	0.24003543	77.6	0.6	5.1	44.88161	3.94385	11.38015137	34.47529138	8.947785548	1.208375635	25.06	18.40736041	136.6
"C5_2"	48.7686111111111	125.531666666667	0.223529412	81.7	0.8	5	40.87494	3.6939	11.06552424	34.12878788	10.68939394	1.29867819	32.855	17.01194713	123
"C5_3"	48.7686111111111	125.531666666667	0.228975853	87	0.8	4.98	40.21297	3.74015	10.7516998	34.24017279	10.76490281	1.219861362	33.09	18.30003014	128.95
"C6_1"	48.8933333333333	125.093611111111	0.189102564	56.3	0.4	5.12	34.1238	3.3015	10.33584734	32.06324111	5.796047431	0.879579741	18.215	18.63213901	108.05
"C6_2"	48.8933333333333	125.093611111111	0.167455061	59.1	0.6	5.2	28.72867	2.83538	10.13221156	31.58988636	5.405113636	0.736956522	14.31	19.29987212	99.6
"C6_3"	48.8933333333333	125.093611111111	0.133567663	57.2	0.4	5.16	27.78331	2.72479	10.19649588	31.16227181	5.770791075	0.738849468	12.485	18.57247846	123.4
"C7_1"	48.7877777777778	126.335833333333	0.216823785	53	0.4	5.23	40.22859	3.80484	10.57300438	34.73037037	7.916481481	1.220933264	21.225	18.72718978	137.15
"C7_2"	48.7877777777778	126.335833333333	0.219387755	56	0.4	5.29	37.86475	3.51652	10.76767657	33.94771242	7.430065359	1.168513854	20.955	18.95465995	133.35
"C7_3"	48.7877777777778	126.335833333333	0.212560386	67.3	0.6	5.34	38.05972	3.44944	11.03359386	33.52638037	7.619631902	1.153558052	19.765	19.08774746	145.75
"C8_1"	48.7744444444444	126.5825	0.178913738	55.8	0.4	4.97	34.233	3.29264	10.39682443	31.66536965	7.307392996	0.963001179	17.72	20.19457547	130.7
"C8_2"	48.7744444444444	126.5825	0.218619247	61.1	0.6	5.02	39.15183	3.562020557	10.9914666	33.27443106	6.782864793	1.077797726	18.42	19.78979653	161.05
"C8_3"	48.7744444444444	126.5825	0.164094232	59	0.6	5	32.60807	3.2422	10.05739004	30.74509232	6.22079689	1.189	18.71	19.10729044	126
"C9_1"	48.4155555555556	127.1	0.133156966	69.8	0.6	4.67	29.21224	2.93799	9.942933774	31.95503561	9.921057986	1.065735294	24.895	19.98897059	197.4
"C9_2"	48.4155555555556	127.1	0.124343257	68.2	0.6	4.62	30.49543	3.14314	9.702218164	31.7476	12.562	1.067632171	26.905	19.03121485	196.3
"C9_3"	48.4155555555556	127.1	0.148997135	68.9	0.6	4.65	32.71733	3.32922	9.82732592	32.43232323	13.86599327	1.07364545	28.51	19.77248816	207.5
"N10_1"	48.0097222222222	126.975277777778	0.539381854	155.6	1.4	5.68	65.28452	5.34437	12.21556891	67.58	4.341991342	1.907	18.405	16.48919753	130.2
"N10_2"	48.0097222222222	126.975277777778	0.604026846	167	1.8	5.76	88.72455	7.0859	12.5212817	68.9440678	4.545762712	1.81183249	19.15	14.82223159	119.55
"N10_3"	48.0097222222222	126.975277777778	0.509940358	176.2	1.8	6.02	98.3379	8.11516	12.11780174	60.60486815	3.468965517	1.758146067	19.735	15.67977528	180
"N11_1"	47.5411111111111	127.0975	0.226528854	73.5	0.6	5.73	33.42891	2.83816	11.77837402	31.54610245	2.197884187	1.04769821	6.735	20.46355499	246.25
"N11_2"	47.5411111111111	127.0975	0.24141315	72.1	0.8	5.8	32.93271	2.79288	11.79166667	32.29689521	3.427425614	1.207446809	8.875	20.3224734	241.75
"N11_3"	47.5411111111111	127.0975	0.239257813	75.9	0.8	5.74	39.46695	3.41911	11.54304775	32.33684211	2.891912709	1.16359447	6.58	20.25409626	215.2
"N12_1"	47.5488888888889	127.473055555556	0.31284303	86.1	0.8	5.81	40.03256864	3.78221	10.58443837	36.38178914	2.473961661	0.995345345	17.43	20.52552553	247.8
"N12_2"	47.5488888888889	127.473055555556	0.348167539	88.1	0.8	5.82	36.78433	3.4986	10.51401418	41.11485944	3.528514056	0.93529597	17.78	21.79628463	268.4
"N12_3"	47.5488888888889	127.473055555556	0.324099723	83.2	1	5.62	42.23275848	3.93347	10.73676893	36.24795082	2.367213115	0.837493143	14.83	19.7990949	231.85
"N13_1"	47.5861111111111	126.099166666667	0.254707631	198.2	2.2	7.2	32.21393	2.94144	10.95175492	32.06795213	5.63537234	0.84045957	37.94	20.87696335	285.4
"N13_2"	47.5861111111111	126.099166666667	0.242491657	177.5	1.8	7.25	29.46716	2.62485	11.22622626	31.55080764	2.904258443	0.790697674	34.85	20.12449444	276.65
"N13_3"	47.5861111111111	126.099166666667	0.268537074	186.8	1.8	7.22	31.63041	2.8466	11.11164547	33.22109589	4.648219178	0.796085859	31.945	20.99747475	295.25
"N14_1"	47.3236111111111	125.945833333333	0.220363636	85.9	1	7.27	25.58324725	2.44846	10.4487095	31.93796642	2.950093284	0.66549676	2.235	20.53185745	164.45
"N14_2"	47.3236111111111	125.945833333333	0.219879518	85	0.9	7.1	27.39269	2.66408	10.28223252	30.89266409	4.742857143	0.765056972	3.7	20.85255019	171.75
"N14_3"	47.3236111111111	125.945833333333	0.240986717	84.7	1	7.17	25.00736	2.32894	10.73765748	31.75175	2.76675	0.662265258	3.215	21.55589789	150.75
"N15_1"	46.8502777777778	126.472777777778	0.223731884	162.9	1.6	7.35	35.27276	3.27712	10.76334098	31.30361727	3.091715286	0.96145494	10.34	20.13436482	267.65
"N15_2"	46.8502777777778	126.472777777778	0.214430894	177.9	1.6	7.32	33.10491	3.02096	10.95840726	30.55109961	10.43829237	0.938921454	14.83	19.61679367	247.65
"N15_3"	46.8502777777778	126.472777777778	0.222546161	147.3	1.6	7.26	34.07578	3.16884	10.75339241	30.741375	3.087	1.055359246	23.25	22.17682568	236.6
"N16_1"	46.6130555555556	127.005277777778	0.148663102	65.5	0.4	5.67	27.31361	2.25	12.13938222	29.36557789	2.466708543	1.253627394	32	21.67367963	186.05
"N16_2"	46.6130555555556	127.005277777778	0.159521436	47.9	0.4	5.56	26.54	2.3	11.53913043	29.86393832	2.974495848	1.332155477	35.085	23.00239778	197.6
"N16_3"	46.6130555555556	127.005277777778	0.158947368	54.8	0.4	5.62	27.6594	2.20404	12.54940927	28.89236546	2.021276596	1.386923077	39.735	22.34935897	222.2
"N17_1"	46.4269444444444	127.118611111111	0.227376426	72	0.8	6.36	30.18726331	2.408715386	12.53251567	31.58070866	2.976870079	1.10997191	8.785	19.89115169	170.3
"N17_2"	46.4269444444444	127.118611111111	0.261886204	73.8	0.8	6.32	30.74	2.419639056	12.7043742	32.51531151	2.438648363	0.977673493	7.13	20.31427759	150.4
"N17_3"	46.4269444444444	127.118611111111	0.286121673	80.2	1	6.28	30.71963837	2.599814799	11.8160872	33.75925433	2.80159787	1.114803195	8.695	19.49158585	144.9
"N18_1"	42.9327777777778	124.205833333333	0.080675422	40.2	0.4	6.01	8.99826	0.99148	9.075583975	26.75877551	1.740408163	0.617590028	14.105	22.63850416	70.85
"N18_2"	42.9327777777778	124.205833333333	0.085510689	42.9	0.4	5.98	8.63	0.90409	9.54550985	26.35350649	1.64025974	0.666666667	13.8	23.12068424	71.6
"N18_3"	42.9327777777778	124.205833333333	0.089108911	41.8	0.4	5.75	8.095536572	0.84662	9.562184418	26.34782609	1.64673913	0.646843292	10.695	23.56257046	76.75
"N2_1"	49.1461111111111	125.61	0.279778393	99.3	1	6.12	43.01539946	3.762535285	11.43255709	35.26692308	5.553846154	1.020535714	12.32	20.95833333	195.25
"N2_2"	49.1461111111111	125.61	0.248785228	100.2	1	6.07	45.80601449	4.080086658	11.22672588	33.27943079	4.65912031	1.141957105	14.97	20.64276139	220.05
"N2_3"	49.1461111111111	125.61	0.272309108	91.2	1.2	6.03	44.02246048	3.872394892	11.3682777	34.08040455	3.16068268	1.088391502	13.975	20.54881133	191.9
"N20_1"	43.0419444444444	124.173055555556	0.149659864	61.8	0.6	6.1	17.18464	1.81636	9.461031954	29.4	5.5272	0.665141956	15.335	22.36198738	228.25
"N20_2"	43.0419444444444	124.173055555556	0.140115163	44.5	0.4	6.27	16.56	1.79	9.251396648	28.25959821	1.977008929	0.50137741	10.975	22.78236915	207.85
"N20_3"	43.0419444444444	124.173055555556	0.159166667	58.2	0.6	6.17	18.36754	1.87394	9.801562483	29.61347869	2.140733399	0.659020459	11.11	22.85725356	209.15
"N21_1"	43.2905555555556	124.656944444444	0.137711864	88.4	1	7.01	33.71504	3.0237	11.15025962	27.94889435	2.087469287	0.476989713	6.915	21.80224689	278.55
"N21_2"	43.2905555555556	124.656944444444	0.13312369	96.2	1	6.89	37.35728	3.34614	11.16429079	28.03168077	3.576058041	0.530138638	5.32	23.07112719	285.4
"N21_3"	43.2905555555556	124.656944444444	0.123839009	105.8	1.2	6.93	24.9447	2.37491	10.5034296	27.50636042	2.739222615	0.692933259	7.205	22.08707235	266.65
"N22_1"	43.4233333333333	124.758888888889	0.124626122	83.5	0.8	5.31	17.68	1.98	8.929292929	28.21651481	4.112528474	0.566933333	21.38	24.09	178.4
"N22_2"	43.4233333333333	124.758888888889	0.136125654	78.5	0.8	5.58	20.51048	2.15595	9.513430274	28.01333333	4.167272727	0.738372093	20.03	23.25177649	202.9
"N22_3"	43.4233333333333	124.758888888889	0.115342764	89.8	0.6	5.65	17.79085	2.02	8.807351485	27.35522755	4.860639606	0.489358762	16.345	25.4871476	173.45
"N23_1"	44.0180555555556	125.239166666667	0.187275986	66.3	0.5	6.08	22.89451	1.986989843	11.52220786	29.77640573	5.906063947	0.565070505	10.895	18.49294947	212.35
"N23_2"	44.0180555555556	125.239166666667	0.185114504	58.7	0.5	6.02	18.62211	1.792732359	10.38755724	30.06557377	5.031381733	0.742442205	12.36	20.00222288	220.45
"N23_3"	44.0180555555556	125.239166666667	0.18545082	63.8	0.5	5.78	19.90465	1.957786096	10.16691764	29.83245283	2.823647799	0.859909457	10.035	20.53986419	229.1
"N24_1"	44.3219444444444	126.026666666667	0.183830606	59.6	0.6	5.84	14.41044	1.44271	9.988452288	30.0182783	5.636084906	0.560424119	9.035	20.19992335	179.3
"N24_2"	44.3219444444444	126.026666666667	0.174757282	58.9	0.6	5.65	15.27149	1.59416	9.579646961	29.56705882	5.695294118	0.627361036	8.65	21.5866163	195.15
"N24_3"	44.3219444444444	126.026666666667	0.175097276	63.8	0.6	5.87	15.89	1.7	9.347058824	29.45801887	2.060849057	0.557692308	11.87	21.06586224	194
"N25_1"	44.4111111111111	125.818611111111	0.156981787	72.9	0.8	6.2	20.83754	1.96046	10.62890342	29.0622428	2.372427984	0.620236721	38.09	19.45366628	412.45
"N25_2"	44.4111111111111	125.818611111111	0.196798493	73.7	0.8	6.25	24.98559	2.1186	11.79344378	29.75592028	1.867526377	0.813126844	36.605	18.96755162	434.4
"N25_3"	44.4111111111111	125.818611111111	0.168789809	97.7	1	6.06	23.30738	2.06686	11.2767096	28.7532567	2.045210728	0.711184589	30.405	20.8273433	410.35
"N26_1"	44.6688888888889	125.920833333333	0.141434263	65	0.6	6.1	21.20245	1.93927	10.93321198	29.93364269	1.63062645	0.974867021	6.515	18.93617021	332.1
"N26_2"	44.6688888888889	125.920833333333	0.130275229	67	0.8	5.97	32.15816	2.86514	11.22394019	27.82489451	1.494725738	1.309912854	7.29	19.32529956	353.7
"N26_3"	44.6688888888889	125.920833333333	0.146411483	80.6	0.8	6.23	34.04245	2.81943	12.07423132	28.93665919	1.522982063	0.813188494	9.84	20.20731334	386.15
"N27_1"	45.1191666666667	126.191388888889	0.139676113	69.7	0.8	6.55	24.96164	2.34166	10.65980544	29.17505882	2.557176471	0.773349436	4.4	21.57474503	230.15
"N27_2"	45.1191666666667	126.191388888889	0.171179039	85.9	0.8	6.46	27.85072	2.63627	10.56444143	28.95679663	2.292413066	0.95	4.75	19.94633838	278.9
"N27_3"	45.1191666666667	126.191388888889	0.121485944	92.1	1	6.76	30.46916	2.86193	10.64636801	27.20502857	1.821257143	0.8503003	5.405	21.00600601	256.5
"N28_1"	45.9108333333333	126.475833333333	0.187366167	77.1	1	6.07	33.60916	3.03806	11.06270449	29.65665349	1.476679842	0.515512465	4.31	20.59210526	313.4
"N28_2"	45.9108333333333	126.475833333333	0.251559252	80	1	6.12	45.68	4.55541	10.02763747	39.28166667	2.805833333	0.603424276	7.67	21.1094098	321.75
"N28_3"	45.9108333333333	126.475833333333	0.289940828	74.7	1	6.18	39.8093	3.32137	11.98580706	33.23666667	2.1125	0.605639504	6.955	21.38761468	247.35
"N29_1"	45.3233333333333	126.428888888889	0.262096774	228	2.2	7.48	38.55208	2.63379	14.63749198	33.33770492	1.89726776	1.384184309	5.165	16.79249689	135.4
"N29_2"	45.3233333333333	126.428888888889	0.2760181	236	2.4	7.41	38.33377	2.77383	13.8197979	33.97875	2.071875	1.030463946	6.425	17.42593628	145.85
"N29_3"	45.3233333333333	126.428888888889	0.257	228	2.2	7.49	39.52	2.78	14.21582734	32.83983849	1.749663526	0.994578976	2.955	17.23651624	132.2
"N3_1"	48.9925	126.02	0.405088063	160.2	1.4	6.62	68.13012467	5.411712876	12.58938274	43.87203947	4.202302632	1.110498688	21.755	17.90026247	193.05
"N3_2"	48.9925	126.02	0.379821958	133.4	1.4	6.33	52.03	3.19992916	16.25973495	41.2784689	3.224880383	1.046237794	21.735	19.81978748	181.9
"N3_3"	48.9925	126.02	0.402777778	134.7	1.4	6.79	85.94188827	6.922692977	12.4145168	42.3627907	3.181395349	1.177047782	20.53	19.60722412	196.8
"N4_1"	48.9622222222222	125.6775	0.334473909	87.5	0.8	6.15	30.78686583	2.621982214	11.74182863	38.76632391	2.704627249	0.962355719	19.625	22.60296432	245.65
"N4_2"	48.9622222222222	125.6775	0.307045216	89	1	6.11	32.01605854	2.7832615	11.5030724	39.54081942	2.741881639	0.90753828	17.785	22.73262662	213.35
"N4_3"	48.9622222222222	125.6775	0.346411483	91.4	1	6.08	30.00089718	2.662940818	11.26607733	44.67642753	2.448023426	0.945588235	19.37	22.74632353	247.5
"N5_1"	48.7686111111111	125.531666666667	0.351409978	114.6	1.2	5.74	56.40207244	4.669567866	12.07864926	38.2367893	3.08361204	1.140643803	12.835	19.24638989	216.1
"N5_2"	48.7686111111111	125.531666666667	0.408350305	131.2	1.4	5.63	88.42056426	7.659431068	11.54401201	43.26884682	3.211359725	1.138826114	13.94	19.60781544	201.2
"N5_3"	48.7686111111111	125.531666666667	0.369902913	115.4	1.2	5.57	59.42008201	5.045219505	11.77750184	40.62865948	3.01540832	1.254462009	19.625	18.23686894	255.2
"N6_1"	48.8933333333333	125.093611111111	0.349137931	102.3	1	5.68	50.63527	4.70499	10.76203563	38.41059603	3.533774834	1.314989518	5.885	19.63443396	188.75
"N6_2"	48.8933333333333	125.093611111111	0.376439327	86.1	0.8	5.47	63.57191	5.82324	10.91693112	44.58267045	3.047017045	1.305674847	6.055	19.99079755	198.7
"N6_3"	48.8933333333333	125.093611111111	0.389645777	94.5	1	5.27	66.62915	6.15476	10.82562927	40.30446429	4.751339286	1.577137002	5.585	17.4912178	170.25
"N7_1"	48.7877777777778	126.335833333333	0.438508065	73.5	0.6	5.38	65.78763	5.55357	11.84600716	44.52423698	4.096229803	1.522156762	6.685	18.95171619	181.9
"N7_2"	48.7877777777778	126.335833333333	0.435193945	73.3	0.8	5.27	54.87971	4.6412	11.82446566	45.85644891	2.655778894	1.436777077	14.45	19.21990011	182
"N7_3"	48.7877777777778	126.335833333333	-4.463157895	79.7	0.8	5.46	58.92151	4.96546	11.86627422	44.754	0.329479769	1.546900489	12.28	19.52487765	156.25
"N8_1"	48.7744444444444	126.5825	0.336057201	82.1	0.8	5.62	30.21	2.48497	12.15708842	39.91307692	2.108615385	1.180650236	16.905	20.36575773	218.35
"N8_2"	48.7744444444444	126.5825	0.306485356	74.8	0.8	5.48	32.54	2.49256	13.05485124	36.04826546	2.018702866	1.034236153	14.93	20.62918442	195.65
"N8_3"	48.7744444444444	126.5825	0.321568627	80.5	0.8	5.46	37.46728	3.30134	11.34911278	36.70231214	2.210982659	0.98294814	14.575	20.84977452	210.6
"N9_1"	48.4155555555556	127.1	0.345486111	112.3	1	5.99	73.26079	6.43123	11.39141191	38.34907162	2.902917772	1.323438466	13.24	18.69975263	279.15
"N9_2"	48.4155555555556	127.1	0.405460061	129.9	1.4	5.75	72.70917	6.11251	11.89514128	45.91785714	2.522959184	1.229240283	11.895	18.77576561	231.05
"N9_3"	48.4155555555556	127.1	0.387645479	124.9	1.4	5.91	59.14455	5.03578	11.74486375	40.98932749	2.612865497	1.275130208	12.535	18.86197917	258.5
